const boolean dibujo_0[] PROGMEM = {
1, 1, 0, 0, 0, 1, 1,  
1, 0, 0, 0, 0, 0, 1,  
0, 0, 0, 1, 0, 0, 0,  
0, 0, 1, 1, 1, 0, 0,  
0, 0, 1, 1, 1, 0, 0,  
0, 0, 0, 0, 0, 0, 0,  
0, 0, 1, 1, 1, 0, 0,  
1, 1, 1, 1, 1, 1, 1 
};
 
 
const boolean dibujo_1[] PROGMEM = {
0, 0, 0, 0, 0, 0, 1,  
0, 0, 1, 1, 1, 0, 0,  
0, 0, 1, 1, 1, 0, 0,  
0, 0, 0, 0, 0, 0, 1,  
0, 0, 1, 1, 1, 0, 0,  
0, 0, 1, 1, 1, 0, 0,  
0, 0, 0, 0, 0, 0, 1,  
1, 1, 1, 1, 1, 1, 1
};
 
 
const boolean dibujo_2[] PROGMEM = {
1, 0, 0, 0, 0, 0, 1,  
0, 0, 1, 1, 1, 0, 0,  
0, 0, 1, 1, 1, 1, 1,  
0, 0, 1, 1, 1, 1, 1,  
0, 0, 1, 1, 1, 1, 1,  
0, 0, 1, 1, 1, 0, 0,  
1, 0, 0, 0, 0, 0, 1,  
1, 1, 1, 1, 1, 1, 1
};
 
 
const boolean dibujo_3[] PROGMEM = {
0, 0, 0, 0, 0, 0, 1,  
0, 0, 1, 1, 1, 0, 0,  
0, 0, 1, 1, 1, 0, 0,  
0, 0, 1, 1, 1, 0, 0,  
0, 0, 1, 1, 1, 0, 0,  
0, 0, 1, 1, 1, 0, 0,  
0, 0, 0, 0, 0, 0, 1,  
1, 1, 1, 1, 1, 1, 1 
};
 
 
const boolean dibujo_4[] PROGMEM = {
0, 0, 0, 0, 0, 0, 0,  
0, 0, 1, 1, 1, 1, 1,  
0, 0, 1, 1, 1, 1, 1,  
0, 0, 0, 0, 0, 1, 1,  
0, 0, 1, 1, 1, 1, 1,  
0, 0, 1, 1, 1, 1, 1,  
0, 0, 0, 0, 0, 0, 0,  
1, 1, 1, 1, 1, 1, 1
};
 
 
const boolean dibujo_5[] PROGMEM = {
0, 0, 0, 0, 0, 0, 0,  
0, 0, 1, 1, 1, 1, 1,  
0, 0, 1, 1, 1, 1, 1,  
0, 0, 0, 0, 0, 1, 1,  
0, 0, 1, 1, 1, 1, 1,  
0, 0, 1, 1, 1, 1, 1,  
0, 0, 1, 1, 1, 1, 1,  
1, 1, 1, 1, 1, 1, 1
};
 
 
const boolean dibujo_6[] PROGMEM = {
1, 0, 0, 0, 0, 0, 1,  
0, 0, 1, 1, 1, 0, 0,  
0, 0, 1, 1, 1, 1, 1,  
0, 0, 1, 1, 0, 0, 0,  
0, 0, 1, 1, 1, 0, 0,  
0, 0, 1, 1, 1, 0, 0,  
1, 0, 0, 0, 0, 0, 1,  
1, 1, 1, 1, 1, 1, 1
};
 
 
const boolean dibujo_7[] PROGMEM = {
0, 0, 1, 1, 1, 0, 0,  
0, 0, 1, 1, 1, 0, 0,  
0, 0, 1, 1, 1, 0, 0,  
0, 0, 0, 0, 0, 0, 0,  
0, 0, 1, 1, 1, 0, 0,  
0, 0, 1, 1, 1, 0, 0,  
0, 0, 1, 1, 1, 0, 0,  
1, 1, 1, 1, 1, 1, 1
};
 
 
const boolean dibujo_8[] PROGMEM = {
0, 0, 0, 0, 0, 0, 0,  
1, 1, 0, 0, 0, 1, 1,  
1, 1, 0, 0, 0, 1, 1,  
1, 1, 0, 0, 0, 1, 1,  
1, 1, 0, 0, 0, 1, 1,  
1, 1, 0, 0, 0, 1, 1,  
0, 0, 0, 0, 0, 0, 0,  
1, 1, 1, 1, 1, 1, 1
};
 
 
const boolean dibujo_9[] PROGMEM = {
1, 1, 1, 1, 1, 0, 0,  
1, 1, 1, 1, 1, 0, 0,  
1, 1, 1, 1, 1, 0, 0,  
1, 1, 1, 1, 1, 0, 0,  
0, 0, 1, 1, 1, 0, 0,  
0, 0, 1, 1, 1, 0, 0,  
1, 0, 0, 0, 0, 0, 1,  
1, 1, 1, 1, 1, 1, 1
};
 
 
const boolean dibujo_10[] PROGMEM = {
0, 0, 1, 1, 0, 0, 0,  
0, 0, 1, 0, 0, 0, 1,  
0, 0, 0, 0, 0, 1, 1,  
0, 0, 0, 0, 1, 1, 1,  
0, 0, 0, 0, 0, 1, 1,  
0, 0, 1, 0, 0, 0, 1,  
0, 0, 1, 1, 0, 0, 0,  
1, 1, 1, 1, 1, 1, 1
};
 
 
const boolean dibujo_11[] PROGMEM = {
0, 0, 1, 1, 1, 1, 1,  
0, 0, 1, 1, 1, 1, 1,  
0, 0, 1, 1, 1, 1, 1,  
0, 0, 1, 1, 1, 1, 1,  
0, 0, 1, 1, 1, 1, 1,  
0, 0, 1, 1, 1, 1, 1,  
0, 0, 0, 0, 0, 0, 0,  
1, 1, 1, 1, 1, 1, 1
};
 
 
const boolean dibujo_12[] PROGMEM = {
0, 0, 1, 1, 1, 0, 0,  
0, 0, 0, 1, 0, 0, 0,  
0, 0, 0, 0, 0, 0, 0,  
0, 0, 1, 0, 1, 0, 0,  
0, 0, 1, 1, 1, 0, 0,  
0, 0, 1, 1, 1, 0, 0,  
0, 0, 1, 1, 1, 0, 0,  
1, 1, 1, 1, 1, 1, 1
};
 
 
const boolean dibujo_13[] PROGMEM = {
0, 0, 1, 1, 1, 0, 0,  
0, 0, 0, 1, 1, 0, 0,  
0, 0, 0, 0, 1, 0, 0,  
0, 0, 0, 0, 0, 0, 0,  
0, 0, 1, 0, 0, 0, 0,  
0, 0, 1, 1, 0, 0, 0,  
0, 0, 1, 1, 1, 0, 0,  
1, 1, 1, 1, 1, 1, 1
};
 
 
const boolean dibujo_14[] PROGMEM = {
1, 0, 0, 0, 0, 0, 1,  
0, 0, 1, 1, 1, 0, 0,  
0, 0, 1, 1, 1, 0, 0,  
0, 0, 1, 1, 1, 0, 0,  
0, 0, 1, 1, 1, 0, 0,  
0, 0, 1, 1, 1, 0, 0,  
1, 0, 0, 0, 0, 0, 1,  
1, 1, 1, 1, 1, 1, 1
};
 
 
const boolean dibujo_15[] PROGMEM = {
0, 0, 0, 0, 0, 0, 1,  
0, 0, 1, 1, 1, 0, 0,  
0, 0, 1, 1, 1, 0, 0,  
0, 0, 1, 1, 0, 0, 0,  
0, 0, 0, 0, 0, 1, 1,  
0, 0, 1, 1, 1, 1, 1,  
0, 0, 1, 1, 1, 1, 1,  
1, 1, 1, 1, 1, 1, 1
};
 
 
const boolean dibujo_16[] PROGMEM = {
1, 0, 0, 0, 0, 0, 1,  
0, 0, 1, 1, 1, 0, 0,  
0, 0, 1, 1, 1, 0, 0,  
0, 0, 1, 1, 1, 0, 0,  
0, 0, 1, 0, 1, 0, 0,  
0, 0, 1, 0, 0, 0, 0,  
1, 0, 0, 0, 0, 0, 0,  
1, 1, 1, 1, 1, 1, 1
};
 
 
const boolean dibujo_17[] PROGMEM = {
0, 0, 0, 0, 0, 0, 1,  
0, 0, 1, 1, 1, 0, 0,  
0, 0, 1, 1, 1, 0, 0,  
0, 0, 1, 1, 0, 0, 0,  
0, 0, 0, 0, 0, 1, 1,  
0, 0, 1, 0, 0, 0, 1,  
0, 0, 1, 1, 0, 0, 0,  
1, 1, 1, 1, 1, 1, 1
};
 
 
const boolean dibujo_18[] PROGMEM = {
1, 0, 0, 0, 0, 0, 1,  
0, 0, 1, 1, 1, 0, 0,  
0, 0, 1, 1, 1, 1, 1,  
1, 0, 0, 0, 0, 0, 1,  
1, 1, 1, 0, 0, 0, 0,  
0, 0, 1, 1, 1, 0, 0,  
1, 0, 0, 0, 0, 0, 1,  
1, 1, 1, 1, 1, 1, 1
};
 
 
const boolean dibujo_19[] PROGMEM = {
0, 0, 0, 0, 0, 0, 0,  
1, 1, 0, 0, 0, 1, 1,  
1, 1, 0, 0, 0, 1, 1,  
1, 1, 0, 0, 0, 1, 1,  
1, 1, 0, 0, 0, 1, 1,  
1, 1, 0, 0, 0, 1, 1,  
1, 1, 0, 0, 0, 1, 1,  
1, 1, 1, 1, 1, 1, 1
};
 
 
const boolean dibujo_20[] PROGMEM = {
0, 0, 1, 1, 1, 0, 0,  
0, 0, 1, 1, 1, 0, 0,  
0, 0, 1, 1, 1, 0, 0,  
0, 0, 1, 1, 1, 0, 0,  
0, 0, 1, 1, 1, 0, 0,  
0, 0, 1, 1, 1, 0, 0,  
1, 0, 0, 0, 0, 0, 1,  
1, 1, 1, 1, 1, 1, 1
};
 
 
const boolean dibujo_21[] PROGMEM = {
0, 0, 1, 1, 1, 0, 0,  
0, 0, 1, 1, 1, 0, 0,  
0, 0, 1, 1, 1, 0, 0,  
0, 0, 1, 1, 1, 0, 0,  
0, 0, 1, 1, 1, 0, 0,  
1, 0, 0, 1, 0, 0, 1,  
1, 1, 0, 0, 0, 1, 1,  
1, 1, 1, 1, 1, 1, 1
};
 
 
const boolean dibujo_22[] PROGMEM = {
0, 0, 1, 1, 1, 0, 0,  
0, 0, 1, 1, 1, 0, 0,  
0, 0, 1, 1, 1, 0, 0,  
0, 0, 1, 0, 1, 0, 0,  
0, 0, 0, 0, 0, 0, 0,  
0, 0, 0, 1, 0, 0, 0,  
0, 1, 1, 1, 1, 1, 0,  
1, 1, 1, 1, 1, 1, 1
};
 
 
const boolean dibujo_23[] PROGMEM = {
0, 0, 1, 1, 1, 0, 0,  
0, 0, 0, 1, 0, 0, 0,  
1, 0, 0, 0, 0, 0, 1,  
1, 1, 0, 0, 0, 1, 1,  
1, 0, 0, 0, 0, 0, 1,  
0, 0, 0, 1, 0, 0, 0,  
0, 0, 1, 1, 1, 0, 0,  
1, 1, 1, 1, 1, 1, 1
};
 
 
const boolean dibujo_24[] PROGMEM = {
0, 0, 1, 1, 1, 0, 0,  
0, 0, 1, 1, 1, 0, 0,  
0, 0, 1, 1, 1, 0, 0,  
0, 0, 1, 1, 1, 0, 0,  
1, 0, 0, 0, 0, 0, 0,  
1, 1, 1, 1, 1, 0, 0,  
0, 0, 0, 0, 0, 0, 1,  
1, 1, 1, 1, 1, 1, 1
};
 
 
const boolean dibujo_25[] PROGMEM = {
0, 0, 0, 0, 0, 0, 0,  
1, 1, 1, 1, 0, 0, 0,  
1, 1, 1, 0, 0, 0, 1,  
1, 1, 0, 0, 0, 1, 1,  
1, 0, 0, 0, 1, 1, 1,  
0, 0, 0, 1, 1, 1, 1,  
0, 0, 0, 0, 0, 0, 0,  
1, 1, 1, 1, 1, 1, 1
};
 
 
