const boolean dibujo_0[] PROGMEM = {
1, 0, 0, 0, 0, 0, 1,  
0, 0, 1, 1, 1, 0, 0,  
0, 0, 1, 1, 1, 0, 0,  
0, 0, 1, 1, 1, 0, 0,  
0, 0, 1, 1, 1, 0, 0,  
0, 0, 1, 1, 1, 0, 0,  
1, 0, 0, 0, 0, 0, 1,  
1, 1, 1, 1, 1, 1, 1  
};
  
const boolean dibujo_1[] PROGMEM = {
1, 1, 0, 0, 0, 1, 1,  
1, 0, 0, 0, 0, 1, 1,  
1, 1, 0, 0, 0, 1, 1,  
1, 1, 0, 0, 0, 1, 1,  
1, 1, 0, 0, 0, 1, 1,  
1, 1, 0, 0, 0, 1, 1,  
0, 0, 0, 0, 0, 0, 0,  
1, 1, 1, 1, 1, 1, 1  
};
  
const boolean dibujo_2[] PROGMEM = {
1, 1, 0, 0, 0, 0, 1,  
1, 0, 0, 1, 1, 0, 0,  
1, 1, 1, 1, 1, 0, 0,  
1, 1, 0, 0, 0, 0, 1,  
1, 0, 0, 0, 1, 1, 1,  
0, 0, 0, 1, 1, 1, 1,  
0, 0, 0, 0, 0, 0, 0,  
1, 1, 1, 1, 1, 1, 1  
};
  
const boolean dibujo_3[] PROGMEM = {
1, 0, 0, 0, 0, 0, 1,  
0, 0, 1, 1, 1, 0, 0,  
1, 1, 1, 1, 1, 0, 0,  
1, 1, 0, 0, 0, 0, 1,  
1, 1, 1, 1, 1, 0, 0,  
0, 0, 1, 1, 1, 0, 0,  
1, 0, 0, 0, 0, 0, 1,  
1, 1, 1, 1, 1, 1, 1  
};
  
const boolean dibujo_4[] PROGMEM = {
0, 0, 1, 1, 1, 0, 0,  
0, 0, 1, 1, 1, 0, 0,  
0, 0, 1, 1, 1, 0, 0,  
1, 0, 0, 0, 0, 0, 0,  
1, 1, 1, 1, 0, 0, 0,  
1, 1, 1, 1, 0, 0, 0,  
1, 1, 1, 1, 0, 0, 0,  
1, 1, 1, 1, 1, 1, 1  
};
  
const boolean dibujo_5[] PROGMEM = {
0, 0, 0, 0, 0, 0, 0,  
0, 0, 1, 1, 1, 1, 1,  
0, 0, 1, 1, 1, 1, 1,  
0, 0, 0, 0, 0, 0, 1,  
1, 1, 1, 1, 1, 0, 0,  
0, 0, 1, 1, 1, 0, 0,  
1, 0, 0, 0, 0, 0, 1,  
1, 1, 1, 1, 1, 1, 1  
};
  
const boolean dibujo_6[] PROGMEM = {
1, 0, 0, 0, 0, 0, 1,  
0, 0, 1, 1, 1, 0, 0,  
0, 0, 1, 1, 1, 1, 1,  
0, 0, 0, 0, 0, 0, 1,  
0, 0, 1, 1, 1, 0, 0,  
0, 0, 1, 1, 1, 0, 0,  
1, 0, 0, 0, 0, 0, 1,  
1, 1, 1, 1, 1, 1, 1  
};
  
const boolean dibujo_7[] PROGMEM = {
0, 0, 0, 0, 0, 0, 0,  
1, 1, 1, 1, 0, 0, 0,  
1, 1, 1, 0, 0, 0, 1,  
1, 1, 0, 0, 0, 1, 1,  
1, 1, 0, 0, 1, 1, 1,  
1, 1, 0, 0, 1, 1, 1,  
1, 1, 0, 0, 1, 1, 1,  
1, 1, 1, 1, 1, 1, 1  
};
 
const boolean dibujo_8[] PROGMEM = {
1, 0, 0, 0, 0, 0, 1,  
0, 0, 1, 1, 1, 0, 0,  
0, 0, 1, 1, 1, 0, 0,  
1, 0, 0, 0, 0, 0, 1,  
0, 0, 1, 1, 1, 0, 0,  
0, 0, 1, 1, 1, 0, 0,  
1, 0, 0, 0, 0, 0, 1,  
1, 1, 1, 1, 1, 1, 1 
};
  
const boolean dibujo_9[] PROGMEM = {
1, 0, 0, 0, 0, 0, 1,  
0, 0, 1, 1, 1, 0, 0,  
0, 0, 1, 1, 1, 0, 0,  
1, 0, 0, 0, 0, 0, 0,  
1, 1, 1, 1, 1, 0, 0,  
0, 0, 1, 1, 1, 0, 0,  
1, 0, 0, 0, 0, 0, 1,  
1, 1, 1, 1, 1, 1, 1  
};
